21	70
30	100
19	63.333
25	83.333
19	63.333
26	86.667
30	100
24	80
30	100
17	56.667
23	76.667
18	60
27	90
30	100
26	86.667
30	100
21	70
23	76.667
17	56.667
23	76.667
30	100
19	63.333
30	100
22	73.333
24	80
17	56.667
29	96.667
30	100
25	83.333
30	100
25	83.333
24	80
16	53.333
26	86.667
30	100
19	63.333
30	100
20	66.667
25	83.333
16	53.333
28	93.333
30	100
23	76.667
30	100
23	76.667
24	80
16	53.333
27	90
30	100
25	83.333
30	100
17	56.667
24	80
20	66.667
27	90
30	100
21	70
30	100
23	76.667
24	80
23	76.667
27	90
30	100
22	73.333
30	100
18	60
21	70
16	53.333
23	76.667
30	100
26	86.667	230	76.667
30	100	298	99.333
21	70	161	53.667
22	73.333	212	70.667
18	60	161	53.667
20	66.667	228	76
30	100	256	85.333
20	66.667	176	58.667
30	100	288	96
17	56.667	101	33.667
26	86.667	221	73.667
18	60	168	56
25	83.333	245	81.667
30	100	242	80.667
16	53.333	176	58.667
30	100	298	99.333
19	63.333	154	51.333
19	63.333	156	52
13	43.333	118	39.333
25	83.333	227	75.667
30	100	295	98.333
24	80	231	77
30	100	298	99.333
19	63.333	116	38.667
25	83.333	201	67
17	56.667	158	52.667
27	90	291	97
30	100	254	84.667
24	80	227	75.667
30	100	294	98
22	73.333	149	49.667
24	80	209	69.667
17	56.667	118	39.333
26	86.667	289	96.333
30	100	265	88.333
18	60	182	60.667
30	100	280	93.333
19	63.333	137	45.667
23	76.667	185	61.667
16	53.333	127	42.333
26	86.667	261	87
30	100	253	84.333
25	83.333	209	69.667
30	100	298	99.333
23	76.667	177	59
24	80	209	69.667
16	53.333	138	46
29	96.667	272	90.667
30	100	295	98.333
19	63.333	202	67.333
30	100	300	100
18	60	116	38.667
22	73.333	212	70.667
17	56.667	156	52
25	83.333	251	83.667
30	100	273	91
23	76.667	212	70.667
30	100	295	98.333
20	66.667	143	47.667
25	83.333	221	73.667
16	53.333	136	45.333
29	96.667	259	86.333
30	100	226	75.333
14	46.667	149	49.667
30	100	286	95.333
20	66.667	136	45.333
23	76.667	183	61
19	63.333	161	53.667
24	80	235	78.333
30	100	286	95.333
19	63.333	179	59.667
30	100	299	99.667
19	63.333	146	48.667
22	73.333	185	61.667
17	56.667	148	49.333
25	83.333	275	91.667
30	100	257	85.667
19	63.333	197	65.667
30	100	300	100
17	56.667	113	37.667
25	83.333	194	64.667
21	70	175	58.333
27	90	276	92
30	100	263	87.667
20	66.667	221	73.667
30	100	300	100
20	66.667	157	52.333
25	83.333	195	65
19	63.333	186	62
30	100	297	99
30	100	280	93.333
25	83.333	225	75
30	100	293	97.667
19	63.333	125	41.667
20	66.667	162	54
17	56.667	155	51.667
24	80	239	79.667
30	100	275	91.667
24	80	214	71.333
30	100	291	97
22	73.333	141	47
24	80	211	70.333
15	50	131	43.667
29	96.667	296	98.667
30	100	216	72
25	83.333	231	77
30	100	300	100
21	70	128	42.667
23	76.667	211	70.333
18	60	147	49
23	76.667	233	77.667
30	100	273	91
26	86.667	250	83.333
30	100	292	97.333
18	60	128	42.667
21	70	169	56.333
19	63.333	163	54.333
28	93.333	277	92.333
30	100	260	86.667
24	80	206	68.667
30	100	283	94.333
21	70	126	42
22	73.333	171	57
12	40	105	35
29	96.667	300	100
30	100	255	85
27	90	256	85.333
30	100	289	96.333
20	66.667	138	46
22	73.333	176	58.667
18	60	155	51.667
28	93.333	266	88.667
30	100	221	73.667
21	70	223	74.333
30	100	287	95.667
24	80	196	65.333
23	76.667	213	71
17	56.667	141	47
28	93.333	273	91
30	100	233	77.667
27	90	242	80.667
30	100	299	99.667
20	66.667	146	48.667
23	76.667	190	63.333
13	43.333	117	39
26	86.667	271	90.333
30	100	256	85.333
25	83.333	217	72.333
30	100	300	100
18	60	130	43.333
22	73.333	185	61.667
17	56.667	142	47.333
26	86.667	214	71.333
30	100	248	82.667
28	93.333	262	87.333
30	100	287	95.667
18	60	118	39.333
23	76.667	189	63
17	56.667	153	51
28	93.333	269	89.667
30	100	257	85.667
21	70	194	64.667
30	100	300	100
25	83.333	195	65
22	73.333	191	63.667
16	53.333	143	47.667
25	83.333	257	85.667
30	100	239	79.667
21	70	196	65.333
30	100	300	100
17	56.667	128	42.667
23	76.667	204	68
14	46.667	122	40.667
23	76.667	238	79.333
30	100	264	88
22	73.333	244	81.333
30	100	300	100
21	70	164	54.667
23	76.667	187	62.333
18	60	163	54.333
24	80	226	75.333
30	100	262	87.333
18	60	185	61.667
30	100	300	100
21	70	162	54
23	76.667	203	67.667
17	56.667	139	46.333
29	96.667	246	82
30	100	241	80.333
18	60	179	59.667
30	100	300	100
22	73.333	149	49.667
24	80	192	64
19	63.333	158	52.667
28	93.333	247	82.333
30	100	293	97.667
26	86.667	260	86.667
30	100	298	99.333
20	66.667	164	54.667
23	76.667	202	67.333
15	50	121	40.333
25	83.333	233	77.667
30	100	241	80.333
19	63.333	182	60.667
30	100	300	100
18	60	127	42.333
22	73.333	228	76
16	53.333	128	42.667
27	90	286	95.333
30	100	233	77.667
28	93.333	286	95.333
30	100	300	100
21	70	155	51.667
26	86.667	201	67
20	66.667	166	55.333
29	96.667	248	82.667
30	100	254	84.667
23	76.667	211	70.333
30	100	300	100
16	53.333	79	26.333
24	80	197	65.667
15	50	123	41
26	86.667	271	90.333
30	100	214	71.333
17	56.667	167	55.667
30	100	298	99.333
21	70	156	52
22	73.333	191	63.667
16	53.333	140	46.667
26	86.667	264	88
30	100	255	85
24	80	211	70.333
30	100	289	96.333
19	63.333	120	40
23	76.667	210	70
16	53.333	142	47.333
26	86.667	252	84
30	100	263	87.667
17	56.667	171	57
30	100	300	100
19	63.333	134	44.667
23	76.667	214	71.333
14	46.667	122	40.667
28	93.333	291	97
30	100	284	94.667
24	80	220	73.333
30	100	299	99.667
19	63.333	132	44
24	80	213	71
19	63.333	159	53
27	90	268	89.333
30	100	203	67.667
21	70	202	67.333
30	100	297	99
24	80	185	61.667
25	83.333	200	66.667
20	66.667	183	61
27	90	298	99.333
30	100	228	76
25	83.333	231	77
30	100	300	100
19	63.333	127	42.333
24	80	221	73.667
19	63.333	166	55.333
26	86.667	282	94
30	100	248	82.667
